450001
6.6
12.0
3.0
7.0
3.0
1.0
1.0
0.762
18
0.217
0.137
450086
9.0
14.0
4.5
4.0
4.5
-
-
1.260
26
0.359
0.227
450002
12.7
15.9
1.6
1.6
1.6
3.0
-
0.688
33
0.196
0.124
450087
13.5
24.0
2.5
2.0
2.5
0.5
-
1.371
48
0.391
0.247
450003
14.0
20.0
1.5
1.5
1.5
2.0
-
0.782
41
0.223
0.141
450005
15.0
13.0
1.2
1.2
1.2
2.0
-
0.480
29
0.137
0.086
450006
20.0
15.0
1.2
1.2
1.2
2.0
-
0.588
35
0.168
0.106
450007
20.0
15.0
1.5
1.5
1.5
2.0
-
0.722
35
0.206
0.130
450008
20.0
18.0
1.5
1.5
1.5
2.0
-
0.812
40
0.231
0.146
450009
20.5
18.5
2.0
2.0
2.0
1.7
-
1.080
41
0.308
0.195
450088
22.5
23.5
2.0
3.0
2.0
2.0
2.0
1.495
49
0.426
0.269
450010
24.0
18.0
2.0
1.5
2.0
2.0
-
1.037
42
0.296
0.187
450011
24.5
18.0
1.5
1.5
2.0
2.0
-
0.962
42
0.274
0.173
450012
25.0
18.0
1.5
1.5
1.5
2.0
-
0.887
43
0.253
0.160
450013
25.0
18.0
2.0
1.5
2.0
2.0
-
1.052
43
0.300
0.189
450014
25.0
18.0
2.5
2.0
2.5
2.5
-
1.327
42
0.378
0.239
450015
25.0
18.0
2.0
1.5
3.0
2.0
-
1.217
43
0.347
0.219
450016
25.0
20.0
3.0
2.0
3.0
3.0
0.5
1.618
46
0.461
0.291
450017
25.0
23.0
3.5
3.5
3.5
2.5
0.5
2.266
49
0.646
0.408
450018
25.0
25.0
3.0
3.0
3.0
3.0
-
2.109
53
0.601
0.380
450019
25.0
30.0
5.0
5.0
11.0
3.0
0.5
5.288
60
1.507
0.952
450089
30.0
18.0
1.5
1.5
1.5
3.0
-
0.983
46
0.280
0.177
450090
30.0
20.0
2.0
1.5
2.0
2.0
-
1.207
49
0.344
0.217
450020
30.0
20.0
2.5
2.0
2.5
2.5
-
1.527
49
0.435
0.275
450021
30.0
25.0
2.5
2.0
2.5
2.5
-
1.777
57
0.506
0.320
450022
30.0
25.0
2.5
2.0
9.0
3.0
-
3.284
57
0.936
0.591
450023
31.0
25.0
2.5
2.5
2.5
1.0
0.5
1.903
57
0.542
0.343
450026
34.0
25.0
3.5
3.5
3.5
4.0
0.5
2.763
58
0.787
0.497
450027
35.0
8.0
2.0
2.0
2.0
0.5
0.5
0.940
38
0.268
0.169
450028
35.0
20.0
3.0
3.0
3.0
4.0
0.5
2.138
51
0.609
0.385
450091
35.0
21.0
2.5
2.0
3.0
2.5
-
1.771
53
0.505
0.319
450030
35.0
25.0
6.0
3.0
4.0
4.0
0.5
3.318
59
0.946
0.597
450093
35.0
30.0
8.0
5.0
9.0
3.0
-
6.039
65
1.721
1.087
450031
36.0
26.0
2.5
3.0
2.5
1.0
-
2.234
61
0.637
0.402
450032
36.0
31.5
3.2
3.2
3.2
3.0
-
3.002
70
0.856
0.540
450033
37.0
20.0
3.0
3.0
3.0
4.0
0.5
2.198
52
0.626
0.396
450034
38.0
25.0
3.0
3.0
3.0
6.0
-
2.615
60
0.745
0.471
450035
40.0
20.0
3.0
2.0
3.0
3.0
-
1.919
55
0.547
0.345
450037
40.0
20.0
2.0
1.5
2.0
2.0
-
1.357
56
0.387
0.244
450095
40.0
20.0
2.0
2.0
3.0
3.0
-
1.739
55
0.496
0313
450038
40.0
25.0
2.0
1.5
2.0
2.0
-
1.557
63
0.444
0.280
450039
40.0
25.0
3.0
2.0
2.0
4.0
0.5
2.018
62
0.575
0.363
450040
40.0
25.0
3.0
2.0
3.0
3.0
0.5
2.218
62
0.632
0.399
450041
40.0
25.0
3.0
3.0
3.0
2.0
4.0
2.468
62
0.704
0.444
450043
40.0
25.0
4.0
3.0
4.0
4.0
0.5
3.028
62
0.863
0.545
450044
40.0
25.0
4.0
3.0
2.0
4.0
0.5
2.588
62
0.737
0.466
450048
44.0
25.0
4.0
4.0
4.0
5.0
-
3.547
64
1.011
0.639
450049
50.0
19.0
2.5
2.5
2.5
2.5
-
2.102
61
0.599
0.378
450050
50.0
20.0
2.0
2.0
2.0
3.0
-
1.759
63
0.501
0.317
450051
50.0
20.0
2.5
1.5
2.5
2.5
-
1.702
63
0.485
0.306
450052
50.0
20.0
3.0
1.8
3.0
3.0
-
2.031
63
0.579
0.366
450056
50.0
25.0
5.0
3.0
5.0
5.0
-
3.807
69
1.085
0.685
450057
50.0
30.0
7.0
3.0
7.0
3.0
-
5.319
76
1.516
0.957
450058
50.0
30.0
5.0
4.0
17.0
4.0
-
7.789
75
2.220
1.402
450059
50.0
26.2
4.0
2.5
4.0
4.0
0.5
3.214
71
0.916
0.578
450060
50.0
35.0
5.0
4.0
5.0
5.0
0.5
5.206
83
1.484
0.937
450061
50.0
35.0
6.0
5.0
6.0
6.0
0.5
6.253
82
1.782
1.126
450062
54.5
50.0
2.0
2.0
2.0
2.0
0.5
3.026
112
0.862
0.545
450063
57.0
30.0
2.0
2.0
3.5
3.0
0.5
2.718
81
0.775
0.489
450097
58.0
30.0
5.0
3.0
5.0
4.0
-
4.509
81
1.285
0.812
450064
60.0
18.0
1.8
1.8
1.8
2.0
0.5
1.679
69
0.479
0.302
450065
60.0
20.0
3.0
1.8
3.0
3.0
-
2.206
71
0.630
0.398
450098
60.0
35.0
5.0
4.0
5.0
5.0
-
5.607
89
1.598
1.009
450067
60.0
40.0
6.0
4.5
6.0
3.0
1.0
6.994
96
1.993
1.259
450099
62.0
35.0
7.0
4.0
7.0
4.0
-
6.889
91
1.963
1.240
450068
65.0
25.0
3.0
2.0
3.0
5.0
-
2.787
81
0.794
0.502
450069
70.0
25.0
4.0
2.0
4.0
4.0
-
3.309
85
0.943
0.596
450072
75.0
25.0
2.5
1.8
2.5
2.5
-
2.537
89
0.723
0.457
450101
75.0
60.0
16.0
30.0
25.0
5.0
1.0
34.903
117
9.947
6.283
450073
77.0
22.0
2.5
2.0
4.0
2.0
1.5
2.848
88
0.812
0.513
450074
80.0
40.0
4.0
4.0
4.0
6.0
-
6.235
110
1.777
1.122
450102
100.0
55.0
15.0
10.0
15.0
5.0
-
23.607
141
6.728
4.249
450078
100.0
60.0
5.0
5.0
5.0
5.0
10.0
10.178
153
2.901
1.832
450079
100.0
60.0
6.0
5.0
6.0
3.0
6.0
11.484
152
3.273
2.067
450104
110.0
20.0
3.0
3.0
3.0
3.0
-
4.358
116
1.242
0.784
450105
115.0
33.0
7.0
4.5
7.0
6.0
-
9.315
130
2.655
1.677
450083
150.0
80.0
6.0
6.0
6.0
7.0
13.0
17.365
215
4.949
3.126